5
11
12
20
23
24
31
33
36
37
38
41
51
53
58
67
69
75
79
80
82
83
86
105
106
109
125
149
150
151
152
155
162
175
177
179
180
181
182
183
189
190
206
208
211
222
223
234
235
236
238
240
242
243
245
246
249
250
251
255
256
260
261
267
268
269
270
271
272
273
274
276
277
278
279
280
281
282
284
285
286
287
290
291
292
297
298
299
301
306
307
312
314
315
316
322
325
334
335
336
338
359
361
364
368
369
370
371
373
376
378
380
389
390
394
395
396
397
404
414
415
433
434
436
437
442
445
448
449
456
459
460
461
462
484
488
489
490
493
494
500
514
515
519
520
526
530
536
537
543
549
555
556
562
563
577
583
586
587
588
589
595
596
600
601
605
609
610
613
614
615
620
621
626
627
628
629
633
634
635
641
646
653
665
670
673
678
679
682
683
684
685
687
688
691
692
698
699
702
722
723
729
730
734
739
749
753
754
755
757
758
762
763
768
771
780
782
787
798
800
809
813
837
844
846
848
852
857
860
865
867
868
871
876
883
890
891
897
898
900
903
907
908
916
917
918
919
920
923
924
930
937
938
947
948
950
951
954
955
956
959
964
965
966
982
983
984
990
992
1006
1012
1015
1020
1025
1026
1029
1035
1036
1040
1045
1049
1054
1058
1065
1066
1070
1079
1082
1083
1091
1104
1115
1121
1123
1128
1138
1147
1152
1160
1161
1162
1164
1166
1167
1168
1172
1174
1176
1178
1182
1184
1185
1191
1192
1194
1200
1201
1203
